0 480 72 480
72 480 144 504
144 504 216 432
216 432 288 504
288 504 360 504
360 504 432 528
432 528 504 552
504 552 576 528
576 528 648 456
648 456 720 384
720 384 792 384
792 384 864 312
864 312 936 264
936 264 1008 264
1008 264 1080 240
1080 240 1152 240
1152 240 1224 288
1224 288 1296 240
1296 240 1368 288
1368 288 1440 312
1440 312 1512 264
1512 264 1584 240
1584 240 1656 240
1656 240 1728 240
1728 240 1800 312
1800 312 1872 312
1872 312 1944 288
1944 288 2016 360
2016 360 2088 360
2088 360 2160 312
2160 312 2232 360
2232 360 2304 408
2304 408 2376 456
2376 456 2448 480
2448 480 2520 528
2520 528 2592 456
2592 456 2664 384
2664 384 2736 360
2736 360 2808 384
2808 384 2880 336
2880 336 2952 312
2952 312 3024 264
3024 264 3096 240
3096 240 3168 288
3168 288 3240 336
3240 336 3312 360
3312 360 3384 288
3384 288 3456 312
3456 312 3528 312
3528 312 3600 384
3600 384 3672 432
3672 432 3744 384
3744 384 3816 408
3816 408 3888 360
3888 360 3960 312
3960 312 4032 336
4032 336 4104 288
4104 288 4176 240
4176 240 4248 312
4248 312 4320 360
