0 480 72 552
72 552 144 480
144 480 216 504
216 504 288 528
288 528 360 504
360 504 432 480
432 480 504 480
504 480 576 528
576 528 648 528
648 528 720 552
720 552 792 504
792 504 864 480
864 480 936 432
936 432 1008 384
1008 384 1080 456
1080 456 1152 576
1152 576 1224 648
1224 648 1296 624
1296 624 1368 648
1368 648 1440 672
1440 672 1512 672
1512 672 1584 624
1584 624 1656 648
1656 648 1728 672
1728 672 1800 600
1800 600 1872 552
1872 552 1944 624
1944 624 2016 672
2016 672 2088 672
2088 672 2160 600
2160 600 2232 672
2232 672 2304 672
2304 672 2376 624
2376 624 2448 672
2448 672 2520 648
2520 648 2592 600
2592 600 2664 552
2664 552 2736 480
2736 480 2808 480
2808 480 2880 504
2880 504 2952 552
2952 552 3024 480
3024 480 3096 408
3096 408 3168 408
3168 408 3240 432
3240 432 3312 480
3312 480 3384 432
3384 432 3456 456
3456 456 3528 528
3528 528 3600 624
3600 624 3672 624
3672 624 3744 576
3744 576 3816 528
3816 528 3888 456
3888 456 3960 432
3960 432 4032 456
4032 456 4104 528
4104 528 4176 480
4176 480 4248 480
4248 480 4320 432
