0 480 72 5520
72 552 144 504
144 504 216 576
216 576 288 552
288 552 360 504
360 504 432 408
432 408 504 480
504 480 576 408
576 408 648 336
648 336 720 264
720 264 792 336
792 336 864 408
864 408 936 408
936 408 1008 360
1008 360 1080 360
1080 360 1152 312
1152 312 1224 288
1224 288 1296 312
1296 312 1368 312
1368 312 1440 336
1440 336 1512 312
1512 312 1584 312
1584 312 1656 264
1656 264 1728 264
1728 264 1800 240
1800 240 1872 240
1872 240 1944 240
1944 240 2016 240
2016 240 2088 240
2088 240 2160 240
2160 240 2232 240
2232 240 2304 288
2304 288 2376 312
2376 312 2448 312
2448 312 2520 240
2520 240 2592 240
2592 240 2664 288
2664 288 2736 240
2736 240 2808 264
2808 264 2880 312
2880 312 2952 264
2952 264 3024 264
3024 264 3096 240
3096 240 3168 240
3168 240 3240 240
3240 240 3312 264
3312 264 3384 240
3384 240 3456 312
3456 312 3528 240
3528 240 3600 288
3600 288 3672 360
3672 360 3744 408
3744 408 3816 360
3816 360 3888 432
3888 432 3960 384
3960 384 4032 312
4032 312 4104 336
4104 336 4176 312
4176 312 4248 336
4248 336 4320 336
