0 480 72 552
72 552 144 624
144 624 216 672
216 672 288 672
288 672 360 672
360 672 432 624
432 624 504 552
504 552 576 600
576 600 648 576
648 576 720 576
720 576 792 552
792 552 864 528
864 528 936 456
936 456 1008 408
1008 408 1080 408
1080 408 1152 480
1152 480 1224 480
1224 480 1296 504
1296 504 1368 480
1368 480 1440 432
1440 432 1512 480
1512 480 1584 456
1584 456 1656 528
1656 528 1728 456
1728 456 1800 432
1800 432 1872 360
1872 360 1944 384
1944 384 2016 360
2016 360 2088 384
2088 384 2160 456
2160 456 2232 480
2232 480 2304 456
2304 456 2376 336
2376 336 2448 384
2448 384 2520 384
2520 384 2592 432
2592 432 2664 480
2664 480 2736 504
2736 504 2808 576
2808 576 2880 576
2880 576 2952 576
2952 576 3024 624
3024 624 3096 672
3096 672 3168 600
3168 600 3240 576
3240 576 3312 576
3312 576 3384 552
3384 552 3456 552
3456 552 3528 528
3528 528 3600 552
3600 552 3672 480
3672 480 3744 552
3744 552 3816 504
3816 504 3888 576
3888 576 3960 672
3960 672 4032 648
4032 648 4104 672
4104 672 4176 672
4176 672 4248 624
4248 624 4320 552
