0 480 72 528
72 528 144 504
144 504 216 528
216 528 288 552
288 552 360 528
360 528 432 456
432 456 504 384
504 384 576 408
576 408 648 432
648 432 720 504
720 504 792 552
792 552 864 600
864 600 936 528
936 528 1008 480
1008 480 1080 432
1080 432 1152 360
1152 360 1224 384
1224 384 1296 384
1296 384 1368 432
1368 432 1440 384
1440 384 1512 360
1512 360 1584 288
1584 288 1656 240
1656 240 1728 240
1728 240 1800 240
1800 240 1872 288
1872 288 1944 240
1944 240 2016 240
2016 240 2088 240
2088 240 2160 240
2160 240 2232 240
2232 240 2304 240
2304 240 2376 240
2376 240 2448 240
2448 240 2520 240
2520 240 2592 288
2592 288 2664 312
2664 312 2736 288
2736 288 2808 312
2808 312 2880 240
2880 240 2952 240
2952 240 3024 240
3024 240 3096 240
3096 240 3168 240
3168 240 3240 240
3240 240 3312 240
3312 240 3384 312
3384 312 3456 312
3456 312 3528 336
3528 336 3600 336
3600 336 3672 408
3672 408 3744 408
3744 408 3816 408
3816 408 3888 360
3888 360 3960 312
3960 312 4032 312
4032 312 4104 264
4104 264 4176 288
4176 288 4248 288
4248 288 4320 336
