0 480 72 456
72 456 144 480
144 480 216 408
216 408 288 336
288 336 360 360
360 360 432 432
432 432 504 264
504 264 576 264
576 264 648 240
648 240 720 240
720 240 792 240
792 240 864 240
864 240 936 240
936 240 1008 240
1008 240 1080 312
1080 312 1152 264
1152 264 1224 264
1224 264 1296 240
1296 240 1368 312
1368 312 1440 288
1440 288 1512 312
1512 312 1584 384
1584 384 1656 432
1656 432 1728 480
1728 480 1800 432
1800 432 1872 480
1872 480 1944 480
1944 480 2016 480
2016 480 2088 480
2088 480 2160 528
2160 528 2232 624
2232 624 2304 672
2304 672 2376 672
2376 672 2448 672
2448 672 2520 672
2520 672 2592 648
2592 648 2664 624
2664 624 2736 624
2736 624 2808 624
2808 624 2880 600
2880 600 2952 600
2952 600 3024 648
3024 648 3096 672
3096 672 3168 672
3168 672 3240 648
3240 648 3312 672
3312 672 3384 624
3384 624 3456 648
3456 648 3528 672
3528 672 3600 672
3600 672 3672 672
3672 672 3744 672
3744 672 3816 672
3816 672 3888 624
3888 624 3960 552
3960 552 4032 624
4032 624 4104 552
4104 552 4176 600
4176 600 4248 600
4248 600 4320 624
