0 480 72 504
72 504 144 480
144 480 216 504
216 504 288 576
288 576 360 648
360 648 432 648
432 648 504 672
504 672 576 672
576 672 648 600
648 600 720 576
720 576 792 600
792 600 864 552
864 552 936 576
936 576 1008 552
1008 552 1080 528
1080 528 1152 504
1152 504 1224 480
1224 480 1296 504
1296 504 1368 528
1368 528 1440 480
1440 480 1512 552
1512 552 1584 480
1584 480 1656 528
1656 528 1728 456
1728 456 1800 504
1800 504 1872 456
1872 456 1944 456
1944 456 2016 528
2016 528 2088 576
2088 576 2160 528
2160 528 2232 456
2232 456 2304 408
2304 408 2376 360
2376 360 2448 288
2448 288 2520 240
2520 240 2592 288
2592 288 2664 336
2664 336 2736 408
2736 408 2808 456
2808 456 2880 408
2880 408 2952 480
2952 480 3024 408
3024 408 3096 336
3096 336 3168 360
3168 360 3240 432
3240 432 3312 432
3312 432 3384 456
3384 456 3456 456
3456 456 3528 432
3528 432 3600 432
3600 432 3672 480
3672 480 3744 480
3744 480 3816 408
3816 408 3888 336
3888 336 3960 336
3960 336 4032 264
4032 264 4104 288
4104 288 4176 312
4176 312 4248 360
4248 360 4320 360
