0 480 72 552
72 552 144 504
144 504 216 456
216 456 288 456
288 456 360 456
360 456 432 408
432 408 504 456
504 456 576 408
576 408 648 360
648 360 720 312
720 312 792 288
792 288 864 264
864 264 936 240
936 240 1008 264
1008 264 1080 312
1080 312 1152 312
1152 312 1224 360
1224 360 1296 288
1296 288 1368 336
1368 336 1440 408
1440 408 1512 456
1512 456 1584 528
1584 528 1656 600
1656 600 1728 600
1728 600 1800 528
1800 528 1872 600
1872 600 1944 576
1944 576 2016 504
2016 504 2088 576
2088 576 2160 576
2160 576 2232 504
2232 504 2304 576
2304 576 2376 576
2376 576 2448 648
2448 648 2520 672
2520 672 2592 672
2592 672 2664 672
2664 672 2736 648
2736 648 2808 648
2808 648 2880 672
2880 672 2952 672
2952 672 3024 672
3024 672 3096 648
3096 648 3168 648
3168 648 3240 624
3240 624 3312 624
3312 624 3384 504
3384 504 3456 552
3456 552 3528 576
3528 576 3600 648
3600 648 3672 648
3672 648 3744 648
3744 648 3816 624
3816 624 3888 624
3888 624 3960 648
3960 648 4032 672
4032 672 4104 600
4104 600 4176 600
4176 600 4248 624
4248 624 4320 672
