0 480 72 528
72 528 144 480
144 480 216 456
216 456 288 528
288 528 360 528
360 528 432 600
432 600 504 552
504 552 576 576
576 576 648 600
648 600 720 624
720 624 792 600
792 600 864 624
864 624 936 552
936 552 1008 600
1008 600 1080 624
1080 624 1152 576
1152 576 1224 552
1224 552 1296 528
1296 528 1368 528
1368 528 1440 600
1440 600 1512 600
1512 600 1584 528
1584 528 1656 504
1656 504 1728 552
1728 552 1800 552
1800 552 1872 552
1872 552 1944 504
1944 504 2016 528
2016 528 2088 576
2088 576 2160 504
2160 504 2232 432
2232 432 2304 408
2304 408 2376 432
2376 432 2448 456
2448 456 2520 384
2520 384 2592 432
2592 432 2664 432
2664 432 2736 384
2736 384 2808 456
2808 456 2880 432
2880 432 2952 456
2952 456 3024 480
3024 480 3096 432
3096 432 3168 480
3168 480 3240 432
3240 432 3312 432
3312 432 3384 480
3384 480 3456 456
3456 456 3528 456
3528 456 3600 456
3600 456 3672 408
3672 408 3744 336
3744 336 3816 312
3816 312 3888 264
3888 264 3960 264
3960 264 4032 240
4032 240 4104 288
4104 288 4176 240
4176 240 4248 312
4248 312 4320 336
