0 480 72 552
72 552 144 552
144 552 216 576
216 576 288 528
288 528 360 456
360 456 432 408
432 408 504 480
504 480 576 408
576 408 648 408
648 408 720 360
720 360 792 432
792 432 864 504
864 504 936 528
936 528 1008 600
1008 600 1080 576
1080 576 1152 576
1152 576 1224 600
1224 600 1296 552
1296 552 1368 480
1368 480 1440 408
1440 408 1512 480
1512 480 1584 456
1584 456 1656 456
1656 456 1728 480
1728 480 1800 504
1800 504 1872 360
1872 360 1944 312
1944 312 2016 360
2016 360 2088 384
2088 384 2160 432
2160 432 2232 384
2232 384 2304 408
2304 408 2376 432
2376 432 2448 432
2448 432 2520 384
2520 384 2592 360
2592 360 2664 432
2664 432 2736 504
2736 504 2808 456
2808 456 2880 408
2880 408 2952 432
2952 432 3024 480
3024 480 3096 552
3096 552 3168 600
3168 600 3240 552
3240 552 3312 480
3312 480 3384 432
3384 432 3456 384
3456 384 3528 408
3528 408 3600 360
3600 360 3672 360
3672 360 3744 408
3744 408 3816 360
3816 360 3888 336
3888 336 3960 264
3960 264 4032 288
4032 288 4104 336
4104 336 4176 288
4176 288 4248 360
4248 360 4320 360
