0 480 72 408
72 408 144 432
144 432 216 528
216 528 288 480
288 480 360 480
360 480 432 528
432 528 504 552
504 552 576 624
576 624 648 600
648 600 720 672
720 672 792 648
792 648 864 648
864 648 936 600
936 600 1008 672
1008 672 1080 672
1080 672 1152 672
1152 672 1224 672
1224 672 1296 672
1296 672 1368 672
1368 672 1440 624
1440 624 1512 672
1512 672 1584 624
1584 624 1656 672
1656 672 1728 624
1728 624 1800 648
1800 648 1872 648
1872 648 1944 600
1944 600 2016 672
2016 672 2088 600
2088 600 2160 600
2160 600 2232 528
2232 528 2304 480
2304 480 2376 408
2376 408 2448 408
2448 408 2520 336
2520 336 2592 312
2592 312 2664 240
2664 240 2736 240
2736 240 2808 240
2808 240 2880 312
2880 312 2952 288
2952 288 3024 312
3024 312 3096 312
3096 312 3168 336
3168 336 3240 360
3240 360 3312 360
3312 360 3384 336
3384 336 3456 408
3456 408 3528 384
3528 384 3600 336
3600 336 3672 408
3672 408 3744 288
3744 288 3816 240
3816 240 3888 312
3888 312 3960 312
3960 312 4032 240
4032 240 4104 240
4104 240 4176 240
4176 240 4248 264
4248 264 4320 288
