0 480 72 504
72 504 144 528
144 528 216 600
216 600 288 624
288 624 360 648
360 648 432 600
432 600 504 600
504 600 576 648
576 648 648 624
648 624 720 648
720 648 792 600
792 600 864 552
864 552 936 576
936 576 1008 624
1008 624 1080 624
1080 624 1152 552
1152 552 1224 624
1224 624 1296 672
1296 672 1368 624
1368 624 1440 672
1440 672 1512 672
1512 672 1584 672
1584 672 1656 672
1656 672 1728 672
1728 672 1800 672
1800 672 1872 528
1872 528 1944 456
1944 456 2016 432
2016 432 2088 432
2088 432 2160 384
2160 384 2232 456
2232 456 2304 480
2304 480 2376 480
2376 480 2448 504
2448 504 2520 528
2520 528 2592 600
2592 600 2664 552
2664 552 2736 600
2736 600 2808 648
2808 648 2880 648
2880 648 2952 672
2952 672 3024 672
3024 672 3096 600
3096 600 3168 672
3168 672 3240 672
3240 672 3312 672
3312 672 3384 624
3384 624 3456 624
3456 624 3528 624
3528 624 3600 600
3600 600 3672 672
3672 672 3744 672
3744 672 3816 672
3816 672 3888 672
3888 672 3960 672
3960 672 4032 648
4032 648 4104 648
4104 648 4176 648
4176 648 4248 600
4248 600 4320 576
