0 480 72 504
72 504 144 576
144 576 216 552
216 552 288 480
288 480 360 408
360 408 432 480
432 480 504 480
504 480 576 528
576 528 648 552
648 552 720 576
720 576 792 600
792 600 864 552
864 552 936 384
936 384 1008 432
1008 432 1080 432
1080 432 1152 480
1152 480 1224 432
1224 432 1296 360
1296 360 1368 312
1368 312 1440 360
1440 360 1512 360
1512 360 1584 432
1584 432 1656 480
1656 480 1728 504
1728 504 1800 552
1800 552 1872 480
1872 480 1944 480
1944 480 2016 456
2016 456 2088 504
2088 504 2160 528
2160 528 2232 576
2232 576 2304 624
2304 624 2376 648
2376 648 2448 672
2448 672 2520 672
2520 672 2592 672
2592 672 2664 672
2664 672 2736 672
2736 672 2808 672
2808 672 2880 624
2880 624 2952 576
2952 576 3024 504
3024 504 3096 552
3096 552 3168 552
3168 552 3240 576
3240 576 3312 600
3312 600 3384 552
3384 552 3456 624
3456 624 3528 672
3528 672 3600 648
3600 648 3672 672
3672 672 3744 624
3744 624 3816 672
3816 672 3888 672
3888 672 3960 672
3960 672 4032 672
4032 672 4104 672
4104 672 4176 672
4176 672 4248 672
4248 672 4320 624
