0 480 72 504
72 504 144 576
144 576 216 528
216 528 288 504
288 504 360 480
360 480 432 552
432 552 504 504
504 504 576 456
576 456 648 480
648 480 720 480
720 480 792 504
792 504 864 576
864 576 936 552
936 552 1008 600
1008 600 1080 528
1080 528 1152 552
1152 552 1224 552
1224 552 1296 552
1296 552 1368 600
1368 600 1440 600
1440 600 1512 528
1512 528 1584 456
1584 456 1656 480
1656 480 1728 528
1728 528 1800 456
1800 456 1872 528
1872 528 1944 456
1944 456 2016 456
2016 456 2088 384
2088 384 2160 480
2160 480 2232 552
2232 552 2304 576
2304 576 2376 504
2376 504 2448 576
2448 576 2520 648
2520 648 2592 672
2592 672 2664 624
2664 624 2736 672
2736 672 2808 672
2808 672 2880 600
2880 600 2952 528
2952 528 3024 456
3024 456 3096 480
3096 480 3168 480
3168 480 3240 480
3240 480 3312 528
3312 528 3384 552
3384 552 3456 528
3456 528 3528 552
3528 552 3600 528
3600 528 3672 624
3672 624 3744 672
3744 672 3816 624
3816 624 3888 624
3888 624 3960 672
3960 672 4032 672
4032 672 4104 648
4104 648 4176 624
4176 624 4248 576
4248 576 4320 528
