0 480 72 408
72 408 144 384
144 384 216 456
216 456 288 384
288 384 360 384
360 384 432 456
432 456 504 384
504 384 576 456
576 456 648 384
648 384 720 456
720 456 792 384
792 384 864 336
864 336 936 360
936 360 1008 408
1008 408 1080 432
1080 432 1152 336
1152 336 1224 264
1224 264 1296 240
1296 240 1368 240
1368 240 1440 240
1440 240 1512 240
1512 240 1584 312
1584 312 1656 312
1656 312 1728 288
1728 288 1800 264
1800 264 1872 312
1872 312 1944 336
1944 336 2016 288
2016 288 2088 384
2088 384 2160 312
2160 312 2232 240
2232 240 2304 240
2304 240 2376 240
2376 240 2448 240
2448 240 2520 264
2520 264 2592 312
2592 312 2664 264
2664 264 2736 240
2736 240 2808 240
2808 240 2880 288
2880 288 2952 288
2952 288 3024 288
3024 288 3096 312
3096 312 3168 384
3168 384 3240 384
3240 384 3312 312
3312 312 3384 336
3384 336 3456 312
3456 312 3528 240
3528 240 3600 240
3600 240 3672 288
3672 288 3744 336
3744 336 3816 336
3816 336 3888 384
3888 384 3960 408
3960 408 4032 480
4032 480 4104 600
4104 600 4176 672
4176 672 4248 648
4248 648 4320 624
