0 480 72 432
72 432 144 360
144 360 216 288
216 288 288 240
288 240 360 288
360 288 432 264
432 264 504 240
504 240 576 240
576 240 648 240
648 240 720 312
720 312 792 384
792 384 864 432
864 432 936 384
936 384 1008 408
1008 408 1080 408
1080 408 1152 336
1152 336 1224 336
1224 336 1296 384
1296 384 1368 360
1368 360 1440 360
1440 360 1512 432
1512 432 1584 384
1584 384 1656 336
1656 336 1728 312
1728 312 1800 360
1800 360 1872 312
1872 312 1944 264
1944 264 2016 240
2016 240 2088 240
2088 240 2160 240
2160 240 2232 240
2232 240 2304 240
2304 240 2376 312
2376 312 2448 384
2448 384 2520 360
2520 360 2592 336
2592 336 2664 264
2664 264 2736 240
2736 240 2808 288
2808 288 2880 240
2880 240 2952 264
2952 264 3024 336
3024 336 3096 336
3096 336 3168 408
3168 408 3240 480
3240 480 3312 528
3312 528 3384 552
3384 552 3456 600
3456 600 3528 600
3528 600 3600 552
3600 552 3672 672
3672 672 3744 624
3744 624 3816 576
3816 576 3888 600
3888 600 3960 552
3960 552 4032 552
4032 552 4104 528
4104 528 4176 600
4176 600 4248 672
4248 672 4320 672
