0 480 72 408
72 408 144 408
144 408 216 408
216 408 288 360
288 360 360 408
360 408 432 360
432 360 504 288
504 288 576 312
576 312 648 240
648 240 720 288
720 288 792 288
792 288 864 360
864 360 936 384
936 384 1008 432
1008 432 1080 504
1080 504 1152 504
1152 504 1224 456
1224 456 1296 504
1296 504 1368 432
1368 432 1440 408
1440 408 1512 408
1512 408 1584 504
1584 504 1656 480
1656 480 1728 456
1728 456 1800 408
1800 408 1872 408
1872 408 1944 480
1944 480 2016 552
2016 552 2088 600
2088 600 2160 600
2160 600 2232 600
2232 600 2304 672
2304 672 2376 624
2376 624 2448 672
2448 672 2520 672
2520 672 2592 648
2592 648 2664 672
2664 672 2736 624
2736 624 2808 624
2808 624 2880 672
2880 672 2952 672
2952 672 3024 672
3024 672 3096 648
3096 648 3168 624
3168 624 3240 672
3240 672 3312 672
3312 672 3384 672
3384 672 3456 624
3456 624 3528 672
3528 672 3600 672
3600 672 3672 672
3672 672 3744 672
3744 672 3816 552
3816 552 3888 600
3888 600 3960 576
3960 576 4032 624
4032 624 4104 552
4104 552 4176 600
4176 600 4248 528
4248 528 4320 504
