0 480 72 504
72 504 144 600
144 600 216 624
216 624 288 624
288 624 360 672
360 672 432 600
432 600 504 600
504 600 576 576
576 576 648 528
648 528 720 456
720 456 792 432
792 432 864 504
864 504 936 528
936 528 1008 528
1008 528 1080 480
1080 480 1152 552
1152 552 1224 552
1224 552 1296 552
1296 552 1368 480
1368 480 1440 552
1440 552 1512 552
1512 552 1584 528
1584 528 1656 456
1656 456 1728 384
1728 384 1800 336
1800 336 1872 360
1872 360 1944 408
1944 408 2016 408
2016 408 2088 432
2088 432 2160 456
2160 456 2232 432
2232 432 2304 408
2304 408 2376 336
2376 336 2448 360
2448 360 2520 360
2520 360 2592 336
2592 336 2664 312
2664 312 2736 240
2736 240 2808 312
2808 312 2880 264
2880 264 2952 240
2952 240 3024 240
3024 240 3096 240
3096 240 3168 264
3168 264 3240 240
3240 240 3312 288
3312 288 3384 264
3384 264 3456 240
3456 240 3528 240
3528 240 3600 288
3600 288 3672 240
3672 240 3744 288
3744 288 3816 288
3816 288 3888 312
3888 312 3960 264
3960 264 4032 336
4032 336 4104 312
4104 312 4176 288
4176 288 4248 240
4248 240 4320 240
