0 480 72 552
72 552 144 552
144 552 216 600
216 600 288 624
288 624 360 552
360 552 432 504
432 504 504 504
504 504 576 504
576 504 648 648
648 648 720 672
720 672 792 624
792 624 864 576
864 576 936 576
936 576 1008 648
1008 648 1080 576
1080 576 1152 552
1152 552 1224 480
1224 480 1296 504
1296 504 1368 528
1368 528 1440 480
1440 480 1512 480
1512 480 1584 528
1584 528 1656 576
1656 576 1728 624
1728 624 1800 600
1800 600 1872 600
1872 600 1944 624
1944 624 2016 672
2016 672 2088 672
2088 672 2160 624
2160 624 2232 552
2232 552 2304 552
2304 552 2376 624
2376 624 2448 624
2448 624 2520 624
2520 624 2592 672
2592 672 2664 648
2664 648 2736 672
2736 672 2808 672
2808 672 2880 672
2880 672 2952 672
2952 672 3024 648
3024 648 3096 672
3096 672 3168 648
3168 648 3240 672
3240 672 3312 672
3312 672 3384 648
3384 648 3456 624
3456 624 3528 648
3528 648 3600 576
3600 576 3672 624
3672 624 3744 624
3744 624 3816 576
3816 576 3888 576
3888 576 3960 528
3960 528 4032 600
4032 600 4104 624
4104 624 4176 672
4176 672 4248 672
4248 672 4320 672
