0 480 72 528
72 528 144 552
144 552 216 504
216 504 288 504
288 504 360 576
360 576 432 504
432 504 504 408
504 408 576 432
576 432 648 504
648 504 720 480
720 480 792 480
792 480 864 456
864 456 936 504
936 504 1008 528
1008 528 1080 456
1080 456 1152 480
1152 480 1224 528
1224 528 1296 552
1296 552 1368 552
1368 552 1440 528
1440 528 1512 528
1512 528 1584 480
1584 480 1656 528
1656 528 1728 600
1728 600 1800 552
1800 552 1872 504
1872 504 1944 528
1944 528 2016 504
2016 504 2088 456
2088 456 2160 528
2160 528 2232 552
2232 552 2304 480
2304 480 2376 432
2376 432 2448 480
2448 480 2520 552
2520 552 2592 624
2592 624 2664 672
2664 672 2736 624
2736 624 2808 672
2808 672 2880 600
2880 600 2952 672
2952 672 3024 672
3024 672 3096 672
3096 672 3168 672
3168 672 3240 672
3240 672 3312 672
3312 672 3384 672
3384 672 3456 672
3456 672 3528 624
3528 624 3600 672
3600 672 3672 600
3672 600 3744 600
3744 600 3816 648
3816 648 3888 624
3888 624 3960 624
3960 624 4032 672
4032 672 4104 672
4104 672 4176 624
4176 624 4248 624
4248 624 4320 648
