0 480 72 528
72 528 144 576
144 576 216 648
216 648 288 672
288 672 360 600
360 600 432 552
432 552 504 576
504 576 576 576
576 576 648 624
648 624 720 672
720 672 792 648
792 648 864 672
864 672 936 672
936 672 1008 672
1008 672 1080 672
1080 672 1152 624
1152 624 1224 672
1224 672 1296 672
1296 672 1368 672
1368 672 1440 672
1440 672 1512 624
1512 624 1584 648
1584 648 1656 600
1656 600 1728 672
1728 672 1800 600
1800 600 1872 648
1872 648 1944 672
1944 672 2016 672
2016 672 2088 648
2088 648 2160 672
2160 672 2232 600
2232 600 2304 600
2304 600 2376 552
2376 552 2448 576
2448 576 2520 504
2520 504 2592 456
2592 456 2664 504
2664 504 2736 528
2736 528 2808 600
2808 600 2880 528
2880 528 2952 528
2952 528 3024 456
3024 456 3096 432
3096 432 3168 504
3168 504 3240 528
3240 528 3312 528
3312 528 3384 456
3384 456 3456 384
3456 384 3528 336
3528 336 3600 384
3600 384 3672 384
3672 384 3744 336
3744 336 3816 312
3816 312 3888 264
3888 264 3960 312
3960 312 4032 264
4032 264 4104 336
4104 336 4176 360
4176 360 4248 384
4248 384 4320 336
