0 480 72 456
72 456 144 432
144 432 216 432
216 432 288 504
288 504 360 528
360 528 432 576
432 576 504 552
504 552 576 528
576 528 648 576
648 576 720 600
720 600 792 624
792 624 864 648
864 648 936 672
936 672 1008 600
1008 600 1080 600
1080 600 1152 648
1152 648 1224 648
1224 648 1296 576
1296 576 1368 504
1368 504 1440 432
1440 432 1512 360
1512 360 1584 408
1584 408 1656 432
1656 432 1728 408
1728 408 1800 336
1800 336 1872 384
1872 384 1944 432
1944 432 2016 480
2016 480 2088 480
2088 480 2160 504
2160 504 2232 552
2232 552 2304 600
2304 600 2376 672
2376 672 2448 624
2448 624 2520 624
2520 624 2592 672
2592 672 2664 600
2664 600 2736 528
2736 528 2808 576
2808 576 2880 504
2880 504 2952 552
2952 552 3024 480
3024 480 3096 456
3096 456 3168 384
3168 384 3240 456
3240 456 3312 336
3312 336 3384 336
3384 336 3456 432
3456 432 3528 408
3528 408 3600 480
3600 480 3672 528
3672 528 3744 672
3744 672 3816 672
3816 672 3888 672
3888 672 3960 672
3960 672 4032 600
4032 600 4104 624
4104 624 4176 624
4176 624 4248 672
4248 672 4320 600
