0 480 72 480
72 480 144 432
144 432 216 360
216 360 288 432
288 432 360 480
360 480 432 504
432 504 504 576
504 576 576 552
576 552 648 480
648 480 720 480
720 480 792 480
792 480 864 552
864 552 936 528
936 528 1008 552
1008 552 1080 528
1080 528 1152 480
1152 480 1224 408
1224 408 1296 480
1296 480 1368 408
1368 408 1440 576
1440 576 1512 576
1512 576 1584 552
1584 552 1656 528
1656 528 1728 528
1728 528 1800 480
1800 480 1872 456
1872 456 1944 336
1944 336 2016 288
2016 288 2088 336
2088 336 2160 360
2160 360 2232 336
2232 336 2304 384
2304 384 2376 432
2376 432 2448 480
2448 480 2520 456
2520 456 2592 384
2592 384 2664 384
2664 384 2736 456
2736 456 2808 480
2808 480 2880 408
2880 408 2952 432
2952 432 3024 504
3024 504 3096 480
3096 480 3168 504
3168 504 3240 432
3240 432 3312 456
3312 456 3384 456
3384 456 3456 408
3456 408 3528 432
3528 432 3600 504
3600 504 3672 576
3672 576 3744 528
3744 528 3816 528
3816 528 3888 528
3888 528 3960 600
3960 600 4032 624
4032 624 4104 672
4104 672 4176 672
4176 672 4248 672
4248 672 4320 624
