0 480 72 552
72 552 144 504
144 504 216 480
216 480 288 504
288 504 360 552
360 552 432 480
432 480 504 480
504 480 576 600
576 600 648 576
648 576 720 552
720 552 792 624
792 624 864 600
864 600 936 672
936 672 1008 672
1008 672 1080 624
1080 624 1152 624
1152 624 1224 576
1224 576 1296 648
1296 648 1368 672
1368 672 1440 624
1440 624 1512 648
1512 648 1584 576
1584 576 1656 528
1656 528 1728 504
1728 504 1800 504
1800 504 1872 408
1872 408 1944 408
1944 408 2016 384
2016 384 2088 384
2088 384 2160 456
2160 456 2232 480
2232 480 2304 528
2304 528 2376 600
2376 600 2448 648
2448 648 2520 672
2520 672 2592 672
2592 672 2664 672
2664 672 2736 624
2736 624 2808 672
2808 672 2880 672
2880 672 2952 624
2952 624 3024 648
3024 648 3096 672
3096 672 3168 600
3168 600 3240 624
3240 624 3312 672
3312 672 3384 672
3384 672 3456 672
3456 672 3528 672
3528 672 3600 624
3600 624 3672 672
3672 672 3744 672
3744 672 3816 672
3816 672 3888 624
3888 624 3960 672
3960 672 4032 648
4032 648 4104 600
4104 600 4176 672
4176 672 4248 672
4248 672 4320 600
